$NOD
181
1 0.25 0 0
2 0 0.25 0
3 0 0.5 0
4 0.5 0 0
5 0.5 0.5 0
6 0 0.3125 0
7 0 0.375 0
8 0 0.4375 0
9 0 0.28125 0
10 0 0.34375 0
11 0 0.40625 0
12 0 0.46875 0
13 0.3125 0 0
14 0.375 0 0
15 0.4375 0 0
16 0.28125 0 0
17 0.34375 0 0
18 0.40625 0 0
19 0.46875 0 0
20 0.125 0.5 0
21 0.25 0.5 0
22 0.375 0.5 0
23 0.06249999999999999 0.5 0
24 0.1875 0.5 0
25 0.3125 0.5 0
26 0.4375 0.5 0
27 0.5 0.125 0
28 0.5 0.25 0
29 0.5 0.375 0
30 0.5 0.06249999999999999 0
31 0.5 0.1875 0
32 0.5 0.3125 0
33 0.5 0.4375 0
34 0.04877258050403208 0.2451963201008076 0
35 0.0956708580912725 0.2309698831278217 0
36 0.1388925582549005 0.2078674030756364 0
37 0.1767766952966368 0.1767766952966369 0
38 0.2078674030756363 0.1388925582549005 0
39 0.2309698831278217 0.09567085809127239 0
40 0.2451963201008076 0.04877258050403218 0
41 0.02450428508239002 0.2487961816680492 0
42 0.07257116931361574 0.2392350839330522 0
43 0.1178491842064994 0.2204803160870888 0
44 0.1585983210409112 0.1932526133406844 0
45 0.1932526133406843 0.1585983210409113 0
46 0.2204803160870887 0.1178491842064995 0
47 0.2392350839330522 0.07257116931361562 0
48 0.2487961816680492 0.02450428508239013 0
49 0.1854246595030242 0.2266828666197234 0
50 0.257452202455014 0.1414733648392668 0
51 0.06038395427301468 0.3370496299626721 0
52 0.3921211021634466 0.3082975947542795 0
53 0.3409674017781287 0.06266285460853099 0
54 0.1904419936540609 0.3915195826468857 0
55 0.2820634852604739 0.0902794623105993 0
56 0.3185151860632481 0.1373946200758661 0
57 0.2848630420096323 0.1972437983928745 0
58 0.3565846068050135 0.2074695731083351 0
59 0.3935320943943045 0.1317450926531916 0
60 0.1385698073287485 0.2583351820021147 0
61 0.1928906005798195 0.2979017756590459 0
62 0.1349200474253424 0.3220135418725268 0
63 0.2654300151788309 0.3381628298225056 0
64 0.08640910090824253 0.2806378258296508 0
65 0.3116964740039267 0.2646333567973961 0
66 0.4244999160287388 0.05323465787695375 0
67 0.04870730683319968 0.4207582716604453 0
68 0.3447354123669883 0.3989659794583982 0
69 0.2253993133154213 0.1857229770139933 0
70 0.2442840174317758 0.2517246007175898 0
71 0.2932993415918224 0.04432818560750884 0
72 0.1118906604371235 0.394268205228506 0
73 0.03911312713705789 0.2850767551786261 0
74 0.4330425797883283 0.2021848776967107 0
75 0.2710948602522356 0.4222759489423575 0
76 0.422371302906087 0.4164527148425355 0
77 0.3519087880836867 0.2864654757758378 0
78 0.2885632445913788 0.3013980933099509 0
79 0.3287755586711387 0.3232302122883925 0
80 0.3002893356618609 0.1138370411932327 0
81 0.3297412939206884 0.1000287373421986 0
82 0.3115154435193013 0.07647115845956515 0
83 0.1184453302185617 0.447134102614253 0
84 0.08029898363516158 0.4075132384444756 0
85 0.08685365341659984 0.4603791358302227 0
86 0.163905324002581 0.3099576587657863 0
87 0.1626810205397016 0.3567665622597063 0
88 0.1916662971169402 0.3447106791529658 0
89 0.1511663270455922 0.3928938939376958 0
90 0.1577209968270304 0.4457597913234428 0
91 0.3050827137729096 0.3685644046404519 0
92 0.3684282572652175 0.3536317871063388 0
93 0.1106645741667925 0.3013256838510888 0
94 0.07339652759062859 0.3088437278961614 0
95 0.09765200084917855 0.3295315859175995 0
96 0.3560236402287763 0.1345698563645288 0
97 0.3672497480862166 0.09720397363086128 0
98 0.2279360044164458 0.3648412062346956 0
99 0.2291603078793252 0.3180323027407758 0
100 0.4125818409758875 0.2552412362254951 0
101 0.3948135932966709 0.2048272254025229 0
102 0.3743528544842301 0.2578835839313073 0
103 0.2202209968270304 0.4457597913234428 0
104 0.3341405404044701 0.2360514649528656 0
105 0.4622499580143694 0.08911732893847688 0
106 0.4090160052115217 0.09248987526507266 0
107 0.4467660471971523 0.1283725463265958 0
108 0.4460605510817233 0.2791487973771397 0
109 0.4460605510817233 0.3416487973771397 0
110 0.3827336589034337 0.05794875624274237 0
111 0.3079151363096119 0.4106209642003779 0
112 0.3230474301261178 0.4611379744711788 0
113 0.3598677061834942 0.4494829897291991 0
114 0.2548570163053033 0.2949437152700477 0
115 0.2185873090057977 0.2748131881883178 0
116 0.269247830846315 0.04655038305577053 0
117 0.2716496707959112 0.02216409280375442 0
118 0.3028996707959112 0.02216409280375442 0
119 0.2565166841941478 0.09297516020093585 0
120 0.2636299026806407 0.06952602140731573 0
121 0.4665212898941641 0.2260924388483553 0
122 0.2605474301261178 0.4611379744711788 0
123 0.2307684269531482 0.4068977657946216 0
124 0.08613730735506908 0.365658917595589 0
125 0.123405353931233 0.3581408735505164 0
126 0.06276111402265022 0.2828572905041384 0
127 0.04974854070503629 0.3110631925706491 0
128 0.3171333716849755 0.05349552010801992 0
129 0.2876814134261481 0.06730382395905407 0
130 0.1124894541184955 0.2694865039158827 0
131 0.1367449273770455 0.2901743619373208 0
132 0.01955656356852892 0.298788377589313 0
133 0.01955656356852892 0.267538377589313 0
134 0.3267337008890643 0.0313314273042655 0
135 0.3579837008890643 0.0313314273042655 0
136 0.2779902457178512 0.258178978757493 0
137 0.4072462025347668 0.3623751547984075 0
138 0.4611856514530435 0.3957263574212678 0
139 0.04394285382054497 0.2651365376397168 0
140 0.03019197713650734 0.356024814981336 0
141 0.03019197713650734 0.324774814981336 0
142 0.2148543384674 0.2392037336686566 0
143 0.2348416653735985 0.2187237888657915 0
144 0.2054119864092227 0.2062029218168583 0
145 0.3835533576365376 0.4077093471504669 0
146 0.3997499580143694 0.02661732893847685 0
147 0.4309999580143694 0.02661732893847685 0
148 0.2414257578852176 0.16359817092663 0
149 0.2551311776625268 0.1914833877034339 0
150 0.2711576222323231 0.1693585816160706 0
151 0.2326598027653251 0.1401829615470837 0
152 0.2442110427914178 0.1185721114652696 0
153 0.0675908407061373 0.2629170729652292 0
154 0.09103997949975751 0.2558038544787362 0
155 0.1621586088789623 0.2172751348476799 0
156 0.1811006773998305 0.2017297809581801 0
157 0.1171203327100105 0.2446525325649682 0
158 0.1387311827918245 0.2331012925388755 0
159 0.2010880043060291 0.1812498361553151 0
160 0.2166333581955288 0.1623077676344469 0
161 0.1619972334158864 0.242509024310919 0
162 0.2697578438577439 0.1158764135749331 0
163 0.02435365341659984 0.4291291358302227 0
164 0.02435365341659984 0.3978791358302227 0
165 0.165730203954284 0.2781184788305803 0
166 0.2982797580067795 0.2309385775951353 0
167 0.3207238244073229 0.2023566857506048 0
168 0.4665212898941641 0.1635924388483553 0
169 0.1891576300414219 0.2622923211393846 0
170 0.375058350599659 0.1696073328807633 0
171 0.3375498964341308 0.1724320965921006 0
172 0.2645735297207041 0.2244841995552321 0
173 0.4132873370913164 0.1669649851749511 0
174 0.3016891140364402 0.1673192092343703 0
175 0.287983694259131 0.1394339924575664 0
176 0.05454563055310718 0.3789039508115587 0
177 0.4611856514530435 0.4582263574212678 0
178 0.3986856514530435 0.4582263574212678 0
179 0.2682624377155332 0.3802193893824315 0
180 0.02435365341659984 0.4603791358302227 0
181 0.4622499580143694 0.02661732893847685 0
$ENDNOD
$ELM
78
1 9 14 1 6 52 65 63 77 78 79
2 9 14 1 6 55 56 53 80 81 82
3 9 14 1 6 20 72 67 83 84 85
4 9 14 1 6 61 62 54 86 87 88
5 9 14 1 6 54 72 20 89 83 90
6 9 14 1 6 63 68 52 91 92 79
7 9 14 1 6 62 64 51 93 94 95
8 9 14 1 6 56 59 53 96 97 81
9 9 14 1 6 54 63 61 98 99 88
10 9 14 1 6 52 74 58 100 101 102
11 9 14 1 6 21 54 20 103 90 24
12 9 14 1 6 58 65 52 104 77 102
13 9 14 1 6 27 66 59 105 106 107
14 9 14 1 6 28 52 29 108 109 32
15 9 14 1 6 59 66 53 106 110 97
16 9 14 1 6 68 75 22 111 112 113
17 9 14 1 6 63 70 61 114 115 99
18 9 14 1 6 40 71 1 116 117 48
19 9 14 1 6 1 71 13 117 118 16
20 9 14 1 6 39 55 40 119 120 47
21 9 14 1 6 28 74 52 121 100 108
22 9 14 1 6 21 75 54 122 123 103
23 9 14 1 6 22 75 21 112 122 25
24 9 14 1 6 51 72 62 124 125 95
25 9 14 1 6 64 73 51 126 127 94
26 9 14 1 6 53 71 55 128 129 82
27 9 14 1 6 60 64 62 130 93 131
28 9 14 1 6 6 73 2 132 133 9
29 9 14 1 6 13 53 14 134 135 17
30 9 14 1 6 65 70 63 136 114 78
31 9 14 1 6 52 76 29 137 138 109
32 9 14 1 6 2 73 34 133 139 41
33 9 14 1 6 7 51 6 140 141 10
34 9 14 1 6 49 70 69 142 143 144
35 9 14 1 6 68 76 52 145 137 92
36 9 14 1 6 14 66 15 146 147 18
37 9 14 1 6 62 72 54 125 89 87
38 9 14 1 6 50 69 57 148 149 150
39 9 14 1 6 38 50 39 151 152 46
40 9 14 1 6 34 64 35 153 154 42
41 9 14 1 6 53 66 14 110 146 135
42 9 14 1 6 36 49 37 155 156 44
43 9 14 1 6 35 60 36 157 158 43
44 9 14 1 6 55 71 40 129 116 120
45 9 14 1 6 35 64 60 154 130 157
46 9 14 1 6 37 69 38 159 160 45
47 9 14 1 6 38 69 50 160 148 151
48 9 14 1 6 36 60 49 158 161 155
49 9 14 1 6 49 69 37 144 159 156
50 9 14 1 6 50 55 39 162 119 152
51 9 14 1 6 8 67 7 163 164 11
52 9 14 1 6 60 62 61 131 86 165
53 9 14 1 6 57 65 58 166 104 167
54 9 14 1 6 27 74 28 168 121 31
55 9 14 1 6 60 61 49 165 169 161
56 9 14 1 6 58 59 56 170 96 171
57 9 14 1 6 69 70 57 143 172 149
58 9 14 1 6 57 70 65 172 136 166
59 9 14 1 6 59 74 27 173 168 107
60 9 14 1 6 50 57 56 150 174 175
61 9 14 1 6 61 70 49 115 142 169
62 9 14 1 6 7 67 51 164 176 140
63 9 14 1 6 57 58 56 167 171 174
64 9 14 1 6 13 71 53 118 128 134
65 9 14 1 6 51 73 6 127 132 141
66 9 14 1 6 5 76 22 177 178 26
67 9 14 1 6 29 76 5 138 177 33
68 9 14 1 6 63 75 68 179 111 91
69 9 14 1 6 50 56 55 175 80 162
70 9 14 1 6 54 75 63 123 179 98
71 9 14 1 6 58 74 59 101 173 170
72 9 14 1 6 34 73 64 139 126 153
73 9 14 1 6 67 72 51 84 124 176
74 9 14 1 6 22 76 68 178 145 113
75 9 14 1 6 3 67 8 180 163 12
76 9 14 1 6 20 67 3 85 180 23
77 9 14 1 6 15 66 4 147 181 19
78 9 14 1 6 4 66 27 181 105 30
$ENDELM
